Q   Qb  Qb  Q
0.00E+00	6.00E-01	2.74E-08	6.00E-01
5.00E-03	6.00E-01	3.18E-08	5.95E-01
1.00E-02	6.00E-01	3.70E-08	5.90E-01
1.50E-02	6.00E-01	4.30E-08	5.85E-01
2.00E-02	6.00E-01	5.00E-08	5.80E-01
2.50E-02	6.00E-01	5.81E-08	5.75E-01
3.00E-02	6.00E-01	6.75E-08	5.70E-01
3.50E-02	6.00E-01	7.85E-08	5.65E-01
4.00E-02	6.00E-01	9.12E-08	5.60E-01
4.50E-02	6.00E-01	1.06E-07	5.55E-01
5.00E-02	6.00E-01	1.23E-07	5.50E-01
5.50E-02	6.00E-01	1.43E-07	5.45E-01
6.00E-02	6.00E-01	1.67E-07	5.40E-01
6.50E-02	6.00E-01	1.94E-07	5.35E-01
7.00E-02	6.00E-01	2.25E-07	5.30E-01
7.50E-02	6.00E-01	2.62E-07	5.25E-01
8.00E-02	6.00E-01	3.04E-07	5.20E-01
8.50E-02	6.00E-01	3.54E-07	5.15E-01
9.00E-02	6.00E-01	4.11E-07	5.10E-01
9.50E-02	6.00E-01	4.78E-07	5.05E-01
1.00E-01	6.00E-01	5.56E-07	5.00E-01
1.05E-01	6.00E-01	6.46E-07	4.95E-01
1.10E-01	6.00E-01	7.52E-07	4.90E-01
1.15E-01	6.00E-01	8.74E-07	4.85E-01
1.20E-01	6.00E-01	1.02E-06	4.80E-01
1.25E-01	6.00E-01	1.18E-06	4.75E-01
1.30E-01	6.00E-01	1.38E-06	4.70E-01
1.35E-01	6.00E-01	1.60E-06	4.65E-01
1.40E-01	6.00E-01	1.87E-06	4.60E-01
1.45E-01	6.00E-01	2.18E-06	4.55E-01
1.50E-01	6.00E-01	2.54E-06	4.50E-01
1.55E-01	6.00E-01	2.96E-06	4.45E-01
1.60E-01	6.00E-01	3.45E-06	4.40E-01
1.65E-01	6.00E-01	4.03E-06	4.35E-01
1.70E-01	6.00E-01	4.71E-06	4.30E-01
1.75E-01	5.99E-01	5.50E-06	4.25E-01
1.80E-01	5.99E-01	6.44E-06	4.20E-01
1.85E-01	5.99E-01	7.55E-06	4.15E-01
1.90E-01	5.98E-01	8.87E-06	4.10E-01
1.95E-01	5.97E-01	1.04E-05	4.05E-01
2.00E-01	5.96E-01	1.23E-05	4.00E-01
2.05E-01	5.95E-01	1.45E-05	3.95E-01
2.10E-01	5.92E-01	1.72E-05	3.90E-01
2.15E-01	5.89E-01	2.04E-05	3.85E-01
2.20E-01	5.83E-01	2.43E-05	3.80E-01
2.25E-01	5.72E-01	2.90E-05	3.75E-01
2.30E-01	5.47E-01	3.48E-05	3.70E-01
2.35E-01	4.30E-01	4.20E-05	3.65E-01
2.40E-01	1.89E-01	5.09E-05	3.60E-01
2.45E-01	5.02E-02	6.20E-05	3.55E-01
2.50E-01	2.66E-02	7.60E-05	3.50E-01
2.55E-01	1.66E-02	9.37E-05	3.45E-01
2.60E-01	1.11E-02	1.16E-04	3.40E-01
2.65E-01	7.69E-03	1.46E-04	3.35E-01
2.70E-01	5.44E-03	1.84E-04	3.30E-01
2.75E-01	3.91E-03	2.33E-04	3.25E-01
2.80E-01	2.84E-03	2.98E-04	3.20E-01
2.85E-01	2.08E-03	3.85E-04	3.15E-01
2.90E-01	1.54E-03	5.00E-04	3.10E-01
2.95E-01	1.15E-03	6.55E-04	3.05E-01
3.00E-01	8.65E-04	8.65E-04	3.00E-01
3.05E-01	6.55E-04	1.15E-03	2.95E-01
3.10E-01	5.00E-04	1.54E-03	2.90E-01
3.15E-01	3.85E-04	2.08E-03	2.85E-01
3.20E-01	2.98E-04	2.84E-03	2.80E-01
3.25E-01	2.33E-04	3.91E-03	2.75E-01
3.30E-01	1.84E-04	5.44E-03	2.70E-01
3.35E-01	1.46E-04	7.69E-03	2.65E-01
3.40E-01	1.16E-04	1.11E-02	2.60E-01
3.45E-01	9.37E-05	1.66E-02	2.55E-01
3.50E-01	7.60E-05	2.66E-02	2.50E-01
3.55E-01	6.20E-05	5.02E-02	2.45E-01
3.60E-01	5.09E-05	1.89E-01	2.40E-01
3.65E-01	4.20E-05	4.30E-01	2.35E-01
3.70E-01	3.48E-05	5.47E-01	2.30E-01
3.75E-01	2.90E-05	5.72E-01	2.25E-01
3.80E-01	2.43E-05	5.83E-01	2.20E-01
3.85E-01	2.04E-05	5.89E-01	2.15E-01
3.90E-01	1.72E-05	5.92E-01	2.10E-01
3.95E-01	1.45E-05	5.95E-01	2.05E-01
4.00E-01	1.23E-05	5.96E-01	2.00E-01
4.05E-01	1.04E-05	5.97E-01	1.95E-01
4.10E-01	8.87E-06	5.98E-01	1.90E-01
4.15E-01	7.55E-06	5.99E-01	1.85E-01
4.20E-01	6.44E-06	5.99E-01	1.80E-01
4.25E-01	5.50E-06	5.99E-01	1.75E-01
4.30E-01	4.71E-06	6.00E-01	1.70E-01
4.35E-01	4.03E-06	6.00E-01	1.65E-01
4.40E-01	3.45E-06	6.00E-01	1.60E-01
4.45E-01	2.96E-06	6.00E-01	1.55E-01
4.50E-01	2.54E-06	6.00E-01	1.50E-01
4.55E-01	2.18E-06	6.00E-01	1.45E-01
4.60E-01	1.87E-06	6.00E-01	1.40E-01
4.65E-01	1.60E-06	6.00E-01	1.35E-01
4.70E-01	1.38E-06	6.00E-01	1.30E-01
4.75E-01	1.18E-06	6.00E-01	1.25E-01
4.80E-01	1.02E-06	6.00E-01	1.20E-01
4.85E-01	8.74E-07	6.00E-01	1.15E-01
4.90E-01	7.52E-07	6.00E-01	1.10E-01
4.95E-01	6.46E-07	6.00E-01	1.05E-01
5.00E-01	5.56E-07	6.00E-01	1.00E-01
5.05E-01	4.78E-07	6.00E-01	9.50E-02
5.10E-01	4.11E-07	6.00E-01	9.00E-02
5.15E-01	3.54E-07	6.00E-01	8.50E-02
5.20E-01	3.04E-07	6.00E-01	8.00E-02
5.25E-01	2.62E-07	6.00E-01	7.50E-02
5.30E-01	2.25E-07	6.00E-01	7.00E-02
5.35E-01	1.94E-07	6.00E-01	6.50E-02
5.40E-01	1.67E-07	6.00E-01	6.00E-02
5.45E-01	1.43E-07	6.00E-01	5.50E-02
5.50E-01	1.23E-07	6.00E-01	5.00E-02
5.55E-01	1.06E-07	6.00E-01	4.50E-02
5.60E-01	9.12E-08	6.00E-01	4.00E-02
5.65E-01	7.85E-08	6.00E-01	3.50E-02
5.70E-01	6.75E-08	6.00E-01	3.00E-02
5.75E-01	5.81E-08	6.00E-01	2.50E-02
5.80E-01	5.00E-08	6.00E-01	2.00E-02
5.85E-01	4.30E-08	6.00E-01	1.50E-02
5.90E-01	3.70E-08	6.00E-01	1.00E-02
5.95E-01	3.18E-08	6.00E-01	5.00E-03
6.00E-01	2.74E-08	6.00E-01	0

